{"distMat": [[0.0, 6.54991602999611, 4.927494292234138, 5.930446863432805, 2.1051840774621113, 6.057161051185613, 5.732660813269873, 6.070601288175661, 6.549916029996109, 1.9685019685029528, 6.913544676936716, 5.651645778001307, 7.7306468034699405, 8.034345026198464, 4.096828041302198, 6.84818224056574, 5.853469056892673], [6.54991602999611, 0.0, 5.178976732907766, 5.924373384586762, 5.9019657742145535, 6.464642294821887, 6.198709543122665, 5.8140347436182385, 5.787918451395113, 5.76857001344354, 6.392002816019405, 5.721914015432249, 5.48877946359662, 8.115263396834388, 6.95166167185947, 1.9990497742677644, 6.534424228652438], [4.927494292234138, 5.178976732907766, 0.0, 3.1652488053863954, 4.739409245887086, 7.398026763941855, 4.518871540550805, 5.281458131993475, 5.750808638791591, 4.572220467125355, 6.301579167161197, 4.794027534338951, 7.127727548103954, 7.373011596355997, 6.089285672392124, 5.551396220771852, 6.7863613225350745], [5.930446863432805, 5.924373384586762, 3.1652488053863954, 0.0, 5.775119046392031, 7.8826391519591965, 5.3569207573007835, 6.086164637930854, 6.430256604522094, 5.638723259745951, 6.73592606847789, 5.590983813247898, 7.572218961440563, 7.803544066640491, 6.925994513425491, 6.252551479196313, 7.069306896719084], [2.1051840774621113, 5.9019657742145535, 4.739409245887086, 5.775119046392031, 0.0, 5.634358881008557, 5.845528205389142, 6.1772971435733925, 6.648924725096532, 1.4341548033598046, 6.518749880153403, 5.488433291933136, 7.4968193255540045, 8.115263396834388, 3.7542775603303493, 6.231324096851327, 5.41478531430379], [6.057161051185613, 6.464642294821887, 7.398026763941855, 7.8826391519591965, 5.634358881008557, 0.0, 7.84, 6.7242694770510205, 5.887834916164006, 5.494469947137758, 7.3248276430234185, 7.618116565136031, 7.048652353464455, 9.214276965665835, 5.012085394324402, 6.287909032420873, 3.6084207071792505], [5.732660813269873, 6.198709543122665, 4.518871540550805, 5.3569207573007835, 5.845528205389142, 7.84, 0.0, 5.171653507341729, 5.748825967099718, 5.710814302706751, 6.739859048971277, 5.181708212549217, 7.53485899005416, 5.982432615583731, 7.126275324459475, 6.5130791489125945, 7.205435448326493], [6.070601288175661, 5.8140347436182385, 5.281458131993475, 6.086164637930854, 6.1772971435733925, 6.7242694770510205, 5.171653507341729, 0.0, 2.7254357449773052, 6.0499752065607675, 4.788496632555984, 6.077606436747941, 6.560160059022951, 6.8041825372339915, 7.476469755171888, 5.888480279325048, 6.3949745894725805], [6.549916029996109, 5.787918451395113, 5.750808638791591, 6.430256604522094, 6.648924725096532, 5.887834916164006, 5.748825967099718, 2.7254357449773052, 0.0, 6.530803932135767, 5.4067272910698945, 6.4896301897719875, 5.48877946359662, 7.209889042142049, 7.111652409953681, 5.589830051083843, 5.9643692038638925], [1.9685019685029528, 5.76857001344354, 4.572220467125355, 5.638723259745951, 1.4341548033598046, 5.494469947137758, 5.710814302706751, 6.0499752065607675, 6.530803932135767, 0.0, 6.664990622649067, 5.344726372790285, 7.509187705737552, 8.018771726393014, 3.6618301435211325, 6.105128991266278, 5.316305107873324], [6.913544676936716, 6.392002816019405, 6.301579167161197, 6.73592606847789, 6.518749880153403, 7.3248276430234185, 6.739859048971277, 4.788496632555984, 5.4067272910698945, 6.664990622649067, 0.0, 6.0633983870433585, 6.03365560833563, 7.090021156526968, 8.020903939083176, 6.4597910182915355, 6.8614284227119935], [5.651645778001307, 5.721914015432249, 4.794027534338951, 5.590983813247898, 5.488433291933136, 7.618116565136031, 5.181708212549217, 6.077606436747941, 6.4896301897719875, 5.344726372790285, 6.0633983870433585, 0.0, 6.918048857878933, 7.170509047480521, 6.8814170052395465, 6.061064262982204, 6.735235704858442], [7.7306468034699405, 5.48877946359662, 7.127727548103954, 7.572218961440563, 7.4968193255540045, 7.048652353464455, 7.53485899005416, 6.560160059022951, 5.48877946359662, 7.509187705737552, 6.03365560833563, 6.918048857878933, 0.0, 7.6410601358712, 7.670143414565337, 5.567575774068998, 7.436827280500738], [8.034345026198464, 8.115263396834388, 7.373011596355997, 7.803544066640491, 8.115263396834388, 9.214276965665835, 5.982432615583731, 6.8041825372339915, 7.209889042142049, 8.018771726393014, 7.090021156526968, 7.170509047480521, 7.6410601358712, 0.0, 9.047303465674178, 8.357852595015062, 8.751377034501484], [4.096828041302198, 6.95166167185947, 6.089285672392124, 6.925994513425491, 3.7542775603303493, 5.012085394324402, 7.126275324459475, 7.476469755171888, 7.111652409953681, 3.6618301435211325, 8.020903939083176, 6.8814170052395465, 7.670143414565337, 9.047303465674178, 0.0, 7.0140430566115, 5.214144225086222], [6.84818224056574, 1.9990497742677644, 5.551396220771852, 6.252551479196313, 6.231324096851327, 6.287909032420873, 6.5130791489125945, 5.888480279325048, 5.589830051083843, 6.105128991266278, 6.4597910182915355, 6.061064262982204, 5.567575774068998, 8.357852595015062, 7.0140430566115, 0.0, 6.359630492410703], [5.853469056892673, 6.534424228652438, 6.7863613225350745, 7.069306896719084, 5.41478531430379, 3.6084207071792505, 7.205435448326493, 6.3949745894725805, 5.9643692038638925, 5.316305107873324, 6.8614284227119935, 6.735235704858442, 7.436827280500738, 8.751377034501484, 5.214144225086222, 6.359630492410703, 0.0]], "cards": [{"colorIdentity": ["U"], "colors": ["U"], "convertedManaCost": 3.0, "manaCost": "{1}{U}{U}", "name": "Aether Adept", "power": 2.0, "scryfallId": "1640b76d-15d6-4b08-a34b-c5432259d570.jpg?1562900340", "subtypes": ["Human", "Wizard"], "supertypes": [], "text": "When Aether Adept enters the battlefield, return target creature to its owner's hand.", "toughness": 2.0, "type": "Creature \u2014 Human Wizard", "types": ["Creature"], "imgUrl": "https://img.scryfall.com/cards/normal/front/1/6/1640b76d-15d6-4b08-a34b-c5432259d570.jpg?1562900340.jpg", "ngrams": [["%1(when)", "%1(@)", "%1(enters)", "%1(battlefield)", "%1(return)", "%1(target)", "%1(creature)", "%1(to)", "%1(its)", "%1(owners)", "%1(hand)"]], "ngramVals": [1], "manaCostTkns": ["1", "U", "U"]}, {"colorIdentity": ["B"], "colors": ["B"], "convertedManaCost": 4.0, "manaCost": "{3}{B}", "name": "Agonizing Syphon", "power": -1.0, "scryfallId": "0d8efd95-1c2f-4dd1-b70b-3cfb10ff3a28", "subtypes": [], "supertypes": [], "text": "Agonizing Syphon deals 3 damage to any target and you gain 3 life.", "toughness": -1.0, "type": "Sorcery", "types": ["Sorcery"], "imgUrl": "https://img.scryfall.com/cards/normal/front/0/d/0d8efd95-1c2f-4dd1-b70b-3cfb10ff3a28.jpg", "ngrams": [["%1(@)", "%1(deals)", "%1(3)", "%1(damage)", "%1(to)", "%1(any)", "%1(target)", "%1(and)", "%1(you)", "%1(gain)", "%1(3)", "%1(life)"]], "ngramVals": [1], "manaCostTkns": ["3", "B"]}, {"colorIdentity": ["U"], "colors": ["U"], "convertedManaCost": 3.0, "manaCost": "{2}{U}", "name": "Arrester's Admonition", "power": -1.0, "scryfallId": "637c2d6a-e6b8-4dc5-81aa-da1b7384e006", "subtypes": [], "supertypes": [], "text": "Return target creature to its owner's hand.\nAddendum \u2014 If you cast this spell during your main phase, draw a card.", "toughness": -1.0, "type": "Instant", "types": ["Instant"], "imgUrl": "https://img.scryfall.com/cards/normal/front/6/3/637c2d6a-e6b8-4dc5-81aa-da1b7384e006.jpg", "ngrams": [["%1(return)", "%1(target)", "%1(creature)", "%1(to)", "%1(its)", "%1(owners)", "%1(hand)", "%1(addendum)", "%1(if)", "%1(you)", "%1(cast)", "%1(this)", "%1(spell)", "%1(during)", "%1(your)", "%1(main)", "%1(phase)", "%1(draw)", "%1(a)", "%1(card)"]], "ngramVals": [1], "manaCostTkns": ["2", "U"]}, {"colorIdentity": ["U"], "colors": ["U"], "convertedManaCost": 3.0, "manaCost": "{2}{U}", "name": "Code of Constraint", "power": -1.0, "scryfallId": "258aeef1-565a-4f19-b12c-d46d54ba231d", "subtypes": [], "supertypes": [], "text": "Target creature gets -4/-0 until end of turn.\nDraw a card.\nAddendum \u2014 If you cast this spell during your main phase, tap that creature and it doesn't untap during its controller's next untap step.", "toughness": -1.0, "type": "Instant", "types": ["Instant"], "imgUrl": "https://img.scryfall.com/cards/normal/front/2/5/258aeef1-565a-4f19-b12c-d46d54ba231d.jpg", "ngrams": [["%1(target)", "%1(creature)", "%1(gets)", "%1(-4/-0)", "%1(until)", "%1(end)", "%1(turn)", "%1(draw)", "%1(a)", "%1(card)", "%1(addendum)", "%1(if)", "%1(you)", "%1(cast)", "%1(this)", "%1(spell)", "%1(during)", "%1(your)", "%1(main)", "%1(phase)", "%1(tap)", "%1(that)", "%1(creature)", "%1(and)", "%1(it)", "%1(doesnt)", "%1(untap)", "%1(during)", "%1(its)", "%1(controllers)", "%1(next)", "%1(untap)", "%1(step)"]], "ngramVals": [1], "manaCostTkns": ["2", "U"]}, {"colorIdentity": ["U"], "colors": ["U"], "convertedManaCost": 3.0, "manaCost": "{2}{U}", "name": "Exclusion Mage", "power": 2.0, "scryfallId": "ccad82f5-5c5c-42ad-b66e-942f0d9631ca", "subtypes": ["Human", "Wizard"], "supertypes": [], "text": "When Exclusion Mage enters the battlefield, return target creature an opponent controls to its owner's hand.", "toughness": 2.0, "type": "Creature \u2014 Human Wizard", "types": ["Creature"], "imgUrl": "https://img.scryfall.com/cards/normal/front/c/c/ccad82f5-5c5c-42ad-b66e-942f0d9631ca.jpg", "ngrams": [["%1(when)", "%1(@)", "%1(enters)", "%1(battlefield)", "%1(return)", "%1(target)", "%1(creature)", "%1(an)", "%1(opponent)", "%1(controls)", "%1(to)", "%1(its)", "%1(owners)", "%1(hand)"]], "ngramVals": [1], "manaCostTkns": ["2", "U"]}, {"colorIdentity": ["R", "W"], "colors": ["R", "W"], "convertedManaCost": 4.0, "manaCost": "{2}{R}{W}", "name": "Firemane Avenger", "power": 3.0, "scryfallId": "e244c198-efdc-492a-9c52-76aac006de9d", "subtypes": ["Angel"], "supertypes": [], "text": "Flying\nBattalion \u2014 Whenever Firemane Avenger and at least two other creatures attack, Firemane Avenger deals 3 damage to any target and you gain 3 life.", "toughness": 3.0, "type": "Creature \u2014 Angel", "types": ["Creature"], "imgUrl": "https://img.scryfall.com/cards/normal/front/e/2/e244c198-efdc-492a-9c52-76aac006de9d.jpg", "ngrams": [["%1(flying)", "%1(battalion)", "%1(whenever)", "%1(@)", "%1(and)", "%1(at)", "%1(least)", "%1(two)", "%1(other)", "%1(creatures)", "%1(attack)", "%1(@)", "%1(deals)", "%1(3)", "%1(damage)", "%1(to)", "%1(any)", "%1(target)", "%1(and)", "%1(you)", "%1(gain)", "%1(3)", "%1(life)"]], "ngramVals": [1], "manaCostTkns": ["2", "R", "W"]}, {"colorIdentity": ["U"], "colors": ["U"], "convertedManaCost": 2.0, "manaCost": "{1}{U}", "name": "Impulse", "power": -1.0, "scryfallId": "bda887f9-ea83-435e-b9d6-48f979a5fdb7", "subtypes": [], "supertypes": [], "text": "Look at the top four cards of your library. Put one of them into your hand and the rest on the bottom of your library in any order.", "toughness": -1.0, "type": "Instant", "types": ["Instant"], "imgUrl": "https://img.scryfall.com/cards/normal/front/b/d/bda887f9-ea83-435e-b9d6-48f979a5fdb7.jpg", "ngrams": [["%1(look)", "%1(at)", "%1(top)", "%1(four)", "%1(cards)", "%1(your)", "%1(library)", "%1(put)", "%1(one)", "%1(them)", "%1(into)", "%1(your)", "%1(hand)", "%1(and)", "%1(rest)", "%1(on)", "%1(bottom)", "%1(your)", "%1(library)", "%1(in)", "%1(any)", "%1(order)"]], "ngramVals": [1], "manaCostTkns": ["1", "U"]}, {"colorIdentity": ["R"], "colors": ["R"], "convertedManaCost": 1.0, "manaCost": "{R}", "name": "Lightning Bolt", "power": -1.0, "scryfallId": "32a180dd-9641-4546-8940-9b21084f0c71", "subtypes": [], "supertypes": [], "text": "Lightning Bolt deals 3 damage to any target.", "toughness": -1.0, "type": "Instant", "types": ["Instant"], "imgUrl": "https://img.scryfall.com/cards/normal/front/3/2/32a180dd-9641-4546-8940-9b21084f0c71.jpg", "ngrams": [["%1(@)", "%1(deals)", "%1(3)", "%1(damage)", "%1(to)", "%1(any)", "%1(target)"]], "ngramVals": [1], "manaCostTkns": ["R"]}, {"colorIdentity": ["R", "W"], "colors": ["R", "W"], "convertedManaCost": 2.0, "manaCost": "{R}{W}", "name": "Lightning Helix", "power": -1.0, "scryfallId": "3e897af5-d450-4a7c-a02a-543914c2c680", "subtypes": [], "supertypes": [], "text": "Lightning Helix deals 3 damage to any target and you gain 3 life.", "toughness": -1.0, "type": "Instant", "types": ["Instant"], "imgUrl": "https://img.scryfall.com/cards/normal/front/3/e/3e897af5-d450-4a7c-a02a-543914c2c680.jpg", "ngrams": [["%1(@)", "%1(deals)", "%1(3)", "%1(damage)", "%1(to)", "%1(any)", "%1(target)", "%1(and)", "%1(you)", "%1(gain)", "%1(3)", "%1(life)"]], "ngramVals": [1], "manaCostTkns": ["R", "W"]}, {"colorIdentity": ["U"], "colors": ["U"], "convertedManaCost": 3.0, "manaCost": "{2}{U}", "name": "Man-o'-War", "power": 2.0, "scryfallId": "0a767474-ba5a-4141-a926-a384bb1d3626", "subtypes": ["Jellyfish"], "supertypes": [], "text": "When Man-o'-War enters the battlefield, return target creature to its owner's hand.", "toughness": 2.0, "type": "Creature \u2014 Jellyfish", "types": ["Creature"], "imgUrl": "https://img.scryfall.com/cards/normal/front/0/a/0a767474-ba5a-4141-a926-a384bb1d3626.jpg", "ngrams": [["%1(when)", "%1(@)", "%1(enters)", "%1(battlefield)", "%1(return)", "%1(target)", "%1(creature)", "%1(to)", "%1(its)", "%1(owners)", "%1(hand)"]], "ngramVals": [1], "manaCostTkns": ["2", "U"]}, {"colorIdentity": ["R"], "colors": ["R"], "convertedManaCost": 2.0, "manaCost": "{1}{R}", "name": "Oath of Chandra", "power": -1.0, "scryfallId": "f570b0cb-2f38-422d-89d6-22c85e085328", "subtypes": [], "supertypes": ["Legendary"], "text": "When Oath of Chandra enters the battlefield, it deals 3 damage to target creature an opponent controls.\nAt the beginning of each end step, if a planeswalker entered the battlefield under your control this turn, Oath of Chandra deals 2 damage to each opponent.", "toughness": -1.0, "type": "Legendary Enchantment", "types": ["Enchantment"], "imgUrl": "https://img.scryfall.com/cards/normal/front/f/5/f570b0cb-2f38-422d-89d6-22c85e085328.jpg", "ngrams": [["%1(when)", "%1(@)", "%1(enters)", "%1(battlefield)", "%1(it)", "%1(deals)", "%1(3)", "%1(damage)", "%1(to)", "%1(target)", "%1(creature)", "%1(an)", "%1(opponent)", "%1(controls)", "%1(at)", "%1(beginning)", "%1(each)", "%1(end)", "%1(step)", "%1(if)", "%1(a)", "%1(planeswalker)", "%1(entered)", "%1(battlefield)", "%1(under)", "%1(your)", "%1(control)", "%1(this)", "%1(turn)", "%1(@)", "%1(deals)", "%1(2)", "%1(damage)", "%1(to)", "%1(each)", "%1(opponent)"]], "ngramVals": [1], "manaCostTkns": ["1", "R"]}, {"colorIdentity": ["U"], "colors": ["U"], "convertedManaCost": 3.0, "manaCost": "{2}{U}", "name": "Oath of Jace", "power": -1.0, "scryfallId": "e8e7b007-a14b-40b2-9de7-38545c50a073", "subtypes": [], "supertypes": ["Legendary"], "text": "When Oath of Jace enters the battlefield, draw three cards, then discard two cards.\nAt the beginning of your upkeep, scry X, where X is the number of planeswalkers you control.", "toughness": -1.0, "type": "Legendary Enchantment", "types": ["Enchantment"], "imgUrl": "https://img.scryfall.com/cards/normal/front/e/8/e8e7b007-a14b-40b2-9de7-38545c50a073.jpg", "ngrams": [["%1(when)", "%1(@)", "%1(enters)", "%1(battlefield)", "%1(draw)", "%1(three)", "%1(cards)", "%1(then)", "%1(discard)", "%1(two)", "%1(cards)", "%1(at)", "%1(beginning)", "%1(your)", "%1(upkeep)", "%1(scry)", "%1(x)", "%1(where)", "%1(x)", "%1(is)", "%1(number)", "%1(planeswalkers)", "%1(you)", "%1(control)"]], "ngramVals": [1], "manaCostTkns": ["2", "U"]}, {"colorIdentity": ["B", "W"], "colors": ["B", "W"], "convertedManaCost": 3.0, "manaCost": "{1}{W}{B}", "name": "Oath of Kaya", "power": -1.0, "scryfallId": "faba010d-5b1b-4562-91d6-ec55303c4dcd", "subtypes": [], "supertypes": ["Legendary"], "text": "When Oath of Kaya enters the battlefield, it deals 3 damage to any target and you gain 3 life.\nWhenever an opponent attacks a planeswalker you control with one or more creatures, Oath of Kaya deals 2 damage to that player and you gain 2 life.", "toughness": -1.0, "type": "Legendary Enchantment", "types": ["Enchantment"], "imgUrl": "https://img.scryfall.com/cards/normal/front/f/a/faba010d-5b1b-4562-91d6-ec55303c4dcd.jpg", "ngrams": [["%1(when)", "%1(@)", "%1(enters)", "%1(battlefield)", "%1(it)", "%1(deals)", "%1(3)", "%1(damage)", "%1(to)", "%1(any)", "%1(target)", "%1(and)", "%1(you)", "%1(gain)", "%1(3)", "%1(life)", "%1(whenever)", "%1(an)", "%1(opponent)", "%1(attacks)", "%1(a)", "%1(planeswalker)", "%1(you)", "%1(control)", "%1(one)", "%1(or)", "%1(more)", "%1(creatures)", "%1(@)", "%1(deals)", "%1(2)", "%1(damage)", "%1(to)", "%1(that)", "%1(player)", "%1(and)", "%1(you)", "%1(gain)", "%1(2)", "%1(life)"]], "ngramVals": [1], "manaCostTkns": ["1", "W", "B"]}, {"colorIdentity": ["G"], "colors": ["G"], "convertedManaCost": 1.0, "manaCost": "{G}", "name": "Oath of Nissa", "power": -1.0, "scryfallId": "613513ea-55dd-4ae8-93b2-247e468112a6", "subtypes": [], "supertypes": ["Legendary"], "text": "When Oath of Nissa enters the battlefield, look at the top three cards of your library. You may reveal a creature, land, or planeswalker card from among them and put it into your hand. Put the rest on the bottom of your library in any order.\nYou may spend mana as though it were mana of any color to cast planeswalker spells.", "toughness": -1.0, "type": "Legendary Enchantment", "types": ["Enchantment"], "imgUrl": "https://img.scryfall.com/cards/normal/front/6/1/613513ea-55dd-4ae8-93b2-247e468112a6.jpg", "ngrams": [["%1(when)", "%1(@)", "%1(enters)", "%1(battlefield)", "%1(look)", "%1(at)", "%1(top)", "%1(three)", "%1(cards)", "%1(your)", "%1(library)", "%1(you)", "%1(may)", "%1(reveal)", "%1(a)", "%1(creature)", "%1(land)", "%1(or)", "%1(planeswalker)", "%1(card)", "%1(from)", "%1(among)", "%1(them)", "%1(and)", "%1(put)", "%1(it)", "%1(into)", "%1(your)", "%1(hand)", "%1(put)", "%1(rest)", "%1(on)", "%1(bottom)", "%1(your)", "%1(library)", "%1(in)", "%1(any)", "%1(order)", "%1(you)", "%1(may)", "%1(spend)", "%1(mana)", "%1(as)", "%1(though)", "%1(it)", "%1(were)", "%1(mana)", "%1(any)", "%1(color)", "%1(to)", "%1(cast)", "%1(planeswalker)", "%1(spells)"]], "ngramVals": [1], "manaCostTkns": ["G"]}, {"colorIdentity": ["U", "W"], "colors": ["U", "W"], "convertedManaCost": 4.0, "manaCost": "{2}{W}{U}", "name": "Skymark Roc", "power": 3.0, "scryfallId": "60601296-2229-4c48-94cc-1903926750ce", "subtypes": ["Bird"], "supertypes": [], "text": "Flying\nWhenever Skymark Roc attacks, you may return target creature defending player controls with toughness 2 or less to its owner's hand.", "toughness": 3.0, "type": "Creature \u2014 Bird", "types": ["Creature"], "imgUrl": "https://img.scryfall.com/cards/normal/front/6/0/60601296-2229-4c48-94cc-1903926750ce.jpg", "ngrams": [["%1(flying)", "%1(whenever)", "%1(@)", "%1(attacks)", "%1(you)", "%1(may)", "%1(return)", "%1(target)", "%1(creature)", "%1(defending)", "%1(player)", "%1(controls)", "%1(toughness)", "%1(2)", "%1(or)", "%1(less)", "%1(to)", "%1(its)", "%1(owners)", "%1(hand)"]], "ngramVals": [1], "manaCostTkns": ["2", "W", "U"]}, {"colorIdentity": ["B", "R", "W"], "colors": ["B"], "convertedManaCost": 4.0, "manaCost": "{3}{B}", "name": "Smiting Helix", "power": -1.0, "scryfallId": "07c17401-6b4d-4280-8962-46e380ab2bf4", "subtypes": [], "supertypes": [], "text": "Smiting Helix deals 3 damage to any target and you gain 3 life.\nFlashback {R}{W} (You may cast this card from your graveyard for its flashback cost. Then exile it.)", "toughness": -1.0, "type": "Sorcery", "types": ["Sorcery"], "imgUrl": "https://img.scryfall.com/cards/normal/front/0/7/07c17401-6b4d-4280-8962-46e380ab2bf4.jpg", "ngrams": [["%1(@)", "%1(deals)", "%1(3)", "%1(damage)", "%1(to)", "%1(any)", "%1(target)", "%1(and)", "%1(you)", "%1(gain)", "%1(3)", "%1(life)", "%1(flashback)", "%1({r}{w})"]], "ngramVals": [1], "manaCostTkns": ["3", "B"]}, {"colorIdentity": ["R", "W"], "colors": ["R", "W"], "convertedManaCost": 4.0, "manaCost": "{2}{R}{W}", "name": "Tajic, Blade of the Legion", "power": 2.0, "scryfallId": "be5717c1-338e-446c-aa7e-93e79e4abb72", "subtypes": ["Human", "Soldier"], "supertypes": ["Legendary"], "text": "Indestructible\nBattalion \u2014 Whenever Tajic, Blade of the Legion and at least two other creatures attack, Tajic gets +5/+5 until end of turn.", "toughness": 2.0, "type": "Legendary Creature \u2014 Human Soldier", "types": ["Creature"], "imgUrl": "https://img.scryfall.com/cards/normal/front/b/e/be5717c1-338e-446c-aa7e-93e79e4abb72.jpg", "ngrams": [["%1(indestructible)", "%1(battalion)", "%1(whenever)", "%1(@)", "%1(and)", "%1(at)", "%1(least)", "%1(two)", "%1(other)", "%1(creatures)", "%1(attack)", "%1(tajic)", "%1(gets)", "%1(+5/+5)", "%1(until)", "%1(end)", "%1(turn)"]], "ngramVals": [1], "manaCostTkns": ["2", "R", "W"]}]}