{"distMat": [[0.0, 2.636145289371966, 3.633739763824842, 5.6579672125283915, 1.796196598989716, 3.07050601404007, 4.573684534406032, 2.7604959851779673, 2.636145289371966, 0.7379024325749307, 5.586896003210878, 5.253730409273061, 5.439581193160573, 7.210791462633427, 4.264977318952486, 3.205269236049742, 3.655504307821238], [2.636145289371966, 0.0, 3.495528649570189, 5.5065097603216815, 2.976565094946822, 3.5940584729090514, 4.457736029162759, 2.4368173925296803, 2.096616321600116, 2.487360445668863, 5.41590288019149, 5.102583295562201, 5.116485979770936, 7.1317572502495725, 4.888214700225315, 1.8832713854118615, 4.0878221899895895], [3.633739763824842, 3.495528649570189, 0.0, 5.545635969557007, 3.999348308590293, 4.705696224793309, 4.982405598610285, 3.397848530684035, 3.297289878061374, 3.5885045173723573, 6.082665640975183, 5.7803352359597495, 5.951296414079319, 7.614244266133342, 5.589927556280771, 3.94248772082487, 4.9990347366054175], [5.6579672125283915, 5.5065097603216815, 5.545635969557007, 0.0, 5.861644031824524, 6.34380148425982, 6.552133308333844, 5.445272511721751, 5.382847735215807, 5.629022382087879, 7.415245277247229, 7.177506863258458, 7.311046134261012, 8.720863587848147, 7.043534194342153, 5.80052916805069, 6.514191334382428], [1.796196598989716, 2.976565094946822, 3.999348308590293, 5.861644031824524, 0.0, 3.3994830430572844, 4.845891868174806, 3.1913031604599165, 3.0843702379020232, 1.8262590786145931, 5.6535727401769105, 5.472473023332163, 5.646850567773507, 7.386446459249867, 4.529029621117189, 3.4906200958203217, 3.935884846165777], [3.07050601404007, 3.5940584729090514, 4.705696224793309, 6.34380148425982, 3.3994830430572844, 0.0, 5.437805443087763, 3.859769967253668, 3.5636296534136855, 2.9805212937095815, 6.194948585642573, 5.994151439839391, 5.986657871843289, 7.767970634803963, 4.911957415438075, 4.003544356916813, 3.716380505769104], [4.573684534406032, 4.457736029162759, 4.982405598610285, 6.552133308333844, 4.845891868174806, 5.437805443087763, 0.0, 4.229867077354833, 4.175620972465744, 4.561763937367313, 6.620262771364529, 6.371069761421831, 6.50956502713282, 7.6809704434191, 6.241406026616582, 4.816212141775386, 5.693666294552613], [2.7604959851779673, 2.4368173925296803, 3.397848530684035, 5.445272511721751, 3.1913031604599165, 3.859769967253668, 4.229867077354833, 0.0, 1.3266796917625399, 2.7407002908351132, 5.35730575972021, 5.230966486764762, 5.295144422241414, 7.0412983506510995, 5.086717709191707, 3.007452060037539, 4.247052535979021], [2.636145289371966, 2.096616321600116, 3.297289878061374, 5.382847735215807, 3.0843702379020232, 3.5636296534136855, 4.175620972465744, 1.3266796917625399, 0.0, 2.615408569741639, 5.314414738018334, 5.166212954200631, 5.116485979770935, 7.024055913536518, 4.932569609797602, 2.739874287464867, 4.061094711647499], [0.7379024325749307, 2.487360445668863, 3.5885045173723573, 5.629022382087879, 1.8262590786145931, 2.9805212937095815, 4.561763937367313, 2.7407002908351132, 2.615408569741639, 0.0, 5.557581034109505, 5.22254566407231, 5.409467955075267, 7.20323632248638, 4.226503463997059, 3.0840640193690687, 3.610541752216643], [5.586896003210878, 5.41590288019149, 6.082665640975183, 7.415245277247229, 5.6535727401769105, 6.194948585642573, 6.620262771364529, 5.35730575972021, 5.314414738018334, 5.557581034109505, 0.0, 6.95948425779975, 6.805867806995116, 8.456170562340377, 7.008851153430434, 5.695497598678746, 6.4084003123791256], [5.253730409273061, 5.102583295562201, 5.7803352359597495, 7.177506863258458, 5.472473023332163, 5.994151439839391, 6.371069761421831, 5.230966486764762, 5.166212954200631, 5.22254566407231, 6.95948425779975, 0.0, 6.84592364957827, 8.330398494947422, 6.733219724293181, 5.418564863230789, 6.209457023861195], [5.439581193160573, 5.116485979770936, 5.951296414079319, 7.311046134261012, 5.646850567773507, 5.986657871843289, 6.50956502713282, 5.295144422241414, 5.116485979770935, 5.409467955075267, 6.805867806995116, 6.84592364957827, 0.0, 8.384080459889843, 6.81694504153264, 5.4115725690488015, 6.26329329261024], [7.210791462633427, 7.1317572502495725, 7.614244266133342, 8.720863587848147, 7.386446459249867, 7.767970634803963, 7.6809704434191, 7.0412983506510995, 7.024055913536518, 7.20323632248638, 8.456170562340377, 8.330398494947422, 8.384080459889843, 0.0, 8.381419936972337, 7.361144636900991, 7.936109546050414], [4.264977318952486, 4.888214700225315, 5.589927556280771, 7.043534194342153, 4.529029621117189, 4.911957415438075, 6.241406026616582, 5.086717709191707, 4.932569609797602, 4.226503463997059, 7.008851153430434, 6.733219724293181, 6.81694504153264, 8.381419936972337, 0.0, 5.196280577912219, 5.363959191988738], [3.205269236049742, 1.8832713854118615, 3.94248772082487, 5.80052916805069, 3.4906200958203217, 4.003544356916813, 4.816212141775386, 3.007452060037539, 2.739874287464867, 3.0840640193690687, 5.695497598678746, 5.418564863230789, 5.4115725690488015, 7.361144636900991, 5.196280577912219, 0.0, 4.427096017239762], [3.655504307821238, 4.0878221899895895, 4.9990347366054175, 6.514191334382428, 3.935884846165777, 3.716380505769104, 5.693666294552613, 4.247052535979021, 4.061094711647499, 3.610541752216643, 6.4084003123791256, 6.209457023861195, 6.26329329261024, 7.936109546050414, 5.363959191988738, 4.427096017239762, 0.0]], "cards": [{"colorIdentity": ["U"], "colors": ["U"], "convertedManaCost": 3.0, "manaCost": "{1}{U}{U}", "name": "Aether Adept", "power": 2.0, "scryfallId": "1640b76d-15d6-4b08-a34b-c5432259d570.jpg?1562900340", "subtypes": ["Human", "Wizard"], "supertypes": [], "text": "When Aether Adept enters the battlefield, return target creature to its owner's hand.", "toughness": 2.0, "type": "Creature \u2014 Human Wizard", "types": ["Creature"], "imgUrl": "https://img.scryfall.com/cards/normal/front/1/6/1640b76d-15d6-4b08-a34b-c5432259d570.jpg?1562900340.jpg", "ngrams": [["%1(when)", "%1(@)", "%1(enters)", "%1(battlefield)", "%1(return)", "%1(target)", "%1(creature)", "%1(to)", "%1(its)", "%1(owners)", "%1(hand)"], ["%3(S,when,@)", "%3(when,@,enters)", "%3(@,enters,battlefield)", "%3(enters,battlefield,return)", "%3(battlefield,return,target)", "%3(return,target,creature)", "%3(target,creature,to)", "%3(creature,to,its)", "%3(to,its,owners)", "%3(its,owners,hand)", "%3(owners,hand,E)"]], "ngramVals": [1, 3], "manaCostTkns": ["1", "U", "U"]}, {"colorIdentity": ["B"], "colors": ["B"], "convertedManaCost": 4.0, "manaCost": "{3}{B}", "name": "Agonizing Syphon", "power": -1.0, "scryfallId": "0d8efd95-1c2f-4dd1-b70b-3cfb10ff3a28", "subtypes": [], "supertypes": [], "text": "Agonizing Syphon deals 3 damage to any target and you gain 3 life.", "toughness": -1.0, "type": "Sorcery", "types": ["Sorcery"], "imgUrl": "https://img.scryfall.com/cards/normal/front/0/d/0d8efd95-1c2f-4dd1-b70b-3cfb10ff3a28.jpg", "ngrams": [["%1(@)", "%1(deals)", "%1(3)", "%1(damage)", "%1(to)", "%1(any)", "%1(target)", "%1(and)", "%1(you)", "%1(gain)", "%1(3)", "%1(life)"], ["%3(S,@,deals)", "%3(@,deals,3)", "%3(deals,3,damage)", "%3(3,damage,to)", "%3(damage,to,any)", "%3(to,any,target)", "%3(any,target,and)", "%3(target,and,you)", "%3(and,you,gain)", "%3(you,gain,3)", "%3(gain,3,life)", "%3(3,life,E)"]], "ngramVals": [1, 3], "manaCostTkns": ["3", "B"]}, {"colorIdentity": ["U"], "colors": ["U"], "convertedManaCost": 3.0, "manaCost": "{2}{U}", "name": "Arrester's Admonition", "power": -1.0, "scryfallId": "637c2d6a-e6b8-4dc5-81aa-da1b7384e006", "subtypes": [], "supertypes": [], "text": "Return target creature to its owner's hand.\nAddendum \u2014 If you cast this spell during your main phase, draw a card.", "toughness": -1.0, "type": "Instant", "types": ["Instant"], "imgUrl": "https://img.scryfall.com/cards/normal/front/6/3/637c2d6a-e6b8-4dc5-81aa-da1b7384e006.jpg", "ngrams": [["%1(return)", "%1(target)", "%1(creature)", "%1(to)", "%1(its)", "%1(owners)", "%1(hand)", "%1(addendum)", "%1(if)", "%1(you)", "%1(cast)", "%1(this)", "%1(spell)", "%1(during)", "%1(your)", "%1(main)", "%1(phase)", "%1(draw)", "%1(a)", "%1(card)"], ["%3(S,return,target)", "%3(return,target,creature)", "%3(target,creature,to)", "%3(creature,to,its)", "%3(to,its,owners)", "%3(its,owners,hand)", "%3(owners,hand,addendum)", "%3(hand,addendum,if)", "%3(addendum,if,you)", "%3(if,you,cast)", "%3(you,cast,this)", "%3(cast,this,spell)", "%3(this,spell,during)", "%3(spell,during,your)", "%3(during,your,main)", "%3(your,main,phase)", "%3(main,phase,draw)", "%3(phase,draw,a)", "%3(draw,a,card)", "%3(a,card,E)"]], "ngramVals": [1, 3], "manaCostTkns": ["2", "U"]}, {"colorIdentity": ["U"], "colors": ["U"], "convertedManaCost": 3.0, "manaCost": "{2}{U}", "name": "Code of Constraint", "power": -1.0, "scryfallId": "258aeef1-565a-4f19-b12c-d46d54ba231d", "subtypes": [], "supertypes": [], "text": "Target creature gets -4/-0 until end of turn.\nDraw a card.\nAddendum \u2014 If you cast this spell during your main phase, tap that creature and it doesn't untap during its controller's next untap step.", "toughness": -1.0, "type": "Instant", "types": ["Instant"], "imgUrl": "https://img.scryfall.com/cards/normal/front/2/5/258aeef1-565a-4f19-b12c-d46d54ba231d.jpg", "ngrams": [["%1(target)", "%1(creature)", "%1(gets)", "%1(-4/-0)", "%1(until)", "%1(end)", "%1(turn)", "%1(draw)", "%1(a)", "%1(card)", "%1(addendum)", "%1(if)", "%1(you)", "%1(cast)", "%1(this)", "%1(spell)", "%1(during)", "%1(your)", "%1(main)", "%1(phase)", "%1(tap)", "%1(that)", "%1(creature)", "%1(and)", "%1(it)", "%1(doesnt)", "%1(untap)", "%1(during)", "%1(its)", "%1(controllers)", "%1(next)", "%1(untap)", "%1(step)"], ["%3(S,target,creature)", "%3(target,creature,gets)", "%3(creature,gets,-4/-0)", "%3(gets,-4/-0,until)", "%3(-4/-0,until,end)", "%3(until,end,turn)", "%3(end,turn,draw)", "%3(turn,draw,a)", "%3(draw,a,card)", "%3(a,card,addendum)", "%3(card,addendum,if)", "%3(addendum,if,you)", "%3(if,you,cast)", "%3(you,cast,this)", "%3(cast,this,spell)", "%3(this,spell,during)", "%3(spell,during,your)", "%3(during,your,main)", "%3(your,main,phase)", "%3(main,phase,tap)", "%3(phase,tap,that)", "%3(tap,that,creature)", "%3(that,creature,and)", "%3(creature,and,it)", "%3(and,it,doesnt)", "%3(it,doesnt,untap)", "%3(doesnt,untap,during)", "%3(untap,during,its)", "%3(during,its,controllers)", "%3(its,controllers,next)", "%3(controllers,next,untap)", "%3(next,untap,step)", "%3(untap,step,E)"]], "ngramVals": [1, 3], "manaCostTkns": ["2", "U"]}, {"colorIdentity": ["U"], "colors": ["U"], "convertedManaCost": 3.0, "manaCost": "{2}{U}", "name": "Exclusion Mage", "power": 2.0, "scryfallId": "ccad82f5-5c5c-42ad-b66e-942f0d9631ca", "subtypes": ["Human", "Wizard"], "supertypes": [], "text": "When Exclusion Mage enters the battlefield, return target creature an opponent controls to its owner's hand.", "toughness": 2.0, "type": "Creature \u2014 Human Wizard", "types": ["Creature"], "imgUrl": "https://img.scryfall.com/cards/normal/front/c/c/ccad82f5-5c5c-42ad-b66e-942f0d9631ca.jpg", "ngrams": [["%1(when)", "%1(@)", "%1(enters)", "%1(battlefield)", "%1(return)", "%1(target)", "%1(creature)", "%1(an)", "%1(opponent)", "%1(controls)", "%1(to)", "%1(its)", "%1(owners)", "%1(hand)"], ["%3(S,when,@)", "%3(when,@,enters)", "%3(@,enters,battlefield)", "%3(enters,battlefield,return)", "%3(battlefield,return,target)", "%3(return,target,creature)", "%3(target,creature,an)", "%3(creature,an,opponent)", "%3(an,opponent,controls)", "%3(opponent,controls,to)", "%3(controls,to,its)", "%3(to,its,owners)", "%3(its,owners,hand)", "%3(owners,hand,E)"]], "ngramVals": [1, 3], "manaCostTkns": ["2", "U"]}, {"colorIdentity": ["R", "W"], "colors": ["R", "W"], "convertedManaCost": 4.0, "manaCost": "{2}{R}{W}", "name": "Firemane Avenger", "power": 3.0, "scryfallId": "e244c198-efdc-492a-9c52-76aac006de9d", "subtypes": ["Angel"], "supertypes": [], "text": "Flying\nBattalion \u2014 Whenever Firemane Avenger and at least two other creatures attack, Firemane Avenger deals 3 damage to any target and you gain 3 life.", "toughness": 3.0, "type": "Creature \u2014 Angel", "types": ["Creature"], "imgUrl": "https://img.scryfall.com/cards/normal/front/e/2/e244c198-efdc-492a-9c52-76aac006de9d.jpg", "ngrams": [["%1(flying)", "%1(battalion)", "%1(whenever)", "%1(@)", "%1(and)", "%1(at)", "%1(least)", "%1(two)", "%1(other)", "%1(creatures)", "%1(attack)", "%1(@)", "%1(deals)", "%1(3)", "%1(damage)", "%1(to)", "%1(any)", "%1(target)", "%1(and)", "%1(you)", "%1(gain)", "%1(3)", "%1(life)"], ["%3(S,flying,battalion)", "%3(flying,battalion,whenever)", "%3(battalion,whenever,@)", "%3(whenever,@,and)", "%3(@,and,at)", "%3(and,at,least)", "%3(at,least,two)", "%3(least,two,other)", "%3(two,other,creatures)", "%3(other,creatures,attack)", "%3(creatures,attack,@)", "%3(attack,@,deals)", "%3(@,deals,3)", "%3(deals,3,damage)", "%3(3,damage,to)", "%3(damage,to,any)", "%3(to,any,target)", "%3(any,target,and)", "%3(target,and,you)", "%3(and,you,gain)", "%3(you,gain,3)", "%3(gain,3,life)", "%3(3,life,E)"]], "ngramVals": [1, 3], "manaCostTkns": ["2", "R", "W"]}, {"colorIdentity": ["U"], "colors": ["U"], "convertedManaCost": 2.0, "manaCost": "{1}{U}", "name": "Impulse", "power": -1.0, "scryfallId": "bda887f9-ea83-435e-b9d6-48f979a5fdb7", "subtypes": [], "supertypes": [], "text": "Look at the top four cards of your library. Put one of them into your hand and the rest on the bottom of your library in any order.", "toughness": -1.0, "type": "Instant", "types": ["Instant"], "imgUrl": "https://img.scryfall.com/cards/normal/front/b/d/bda887f9-ea83-435e-b9d6-48f979a5fdb7.jpg", "ngrams": [["%1(look)", "%1(at)", "%1(top)", "%1(four)", "%1(cards)", "%1(your)", "%1(library)", "%1(put)", "%1(one)", "%1(them)", "%1(into)", "%1(your)", "%1(hand)", "%1(and)", "%1(rest)", "%1(on)", "%1(bottom)", "%1(your)", "%1(library)", "%1(in)", "%1(any)", "%1(order)"], ["%3(S,look,at)", "%3(look,at,top)", "%3(at,top,four)", "%3(top,four,cards)", "%3(four,cards,your)", "%3(cards,your,library)", "%3(your,library,put)", "%3(library,put,one)", "%3(put,one,them)", "%3(one,them,into)", "%3(them,into,your)", "%3(into,your,hand)", "%3(your,hand,and)", "%3(hand,and,rest)", "%3(and,rest,on)", "%3(rest,on,bottom)", "%3(on,bottom,your)", "%3(bottom,your,library)", "%3(your,library,in)", "%3(library,in,any)", "%3(in,any,order)", "%3(any,order,E)"]], "ngramVals": [1, 3], "manaCostTkns": ["1", "U"]}, {"colorIdentity": ["R"], "colors": ["R"], "convertedManaCost": 1.0, "manaCost": "{R}", "name": "Lightning Bolt", "power": -1.0, "scryfallId": "32a180dd-9641-4546-8940-9b21084f0c71", "subtypes": [], "supertypes": [], "text": "Lightning Bolt deals 3 damage to any target.", "toughness": -1.0, "type": "Instant", "types": ["Instant"], "imgUrl": "https://img.scryfall.com/cards/normal/front/3/2/32a180dd-9641-4546-8940-9b21084f0c71.jpg", "ngrams": [["%1(@)", "%1(deals)", "%1(3)", "%1(damage)", "%1(to)", "%1(any)", "%1(target)"], ["%3(S,@,deals)", "%3(@,deals,3)", "%3(deals,3,damage)", "%3(3,damage,to)", "%3(damage,to,any)", "%3(to,any,target)", "%3(any,target,E)"]], "ngramVals": [1, 3], "manaCostTkns": ["R"]}, {"colorIdentity": ["R", "W"], "colors": ["R", "W"], "convertedManaCost": 2.0, "manaCost": "{R}{W}", "name": "Lightning Helix", "power": -1.0, "scryfallId": "3e897af5-d450-4a7c-a02a-543914c2c680", "subtypes": [], "supertypes": [], "text": "Lightning Helix deals 3 damage to any target and you gain 3 life.", "toughness": -1.0, "type": "Instant", "types": ["Instant"], "imgUrl": "https://img.scryfall.com/cards/normal/front/3/e/3e897af5-d450-4a7c-a02a-543914c2c680.jpg", "ngrams": [["%1(@)", "%1(deals)", "%1(3)", "%1(damage)", "%1(to)", "%1(any)", "%1(target)", "%1(and)", "%1(you)", "%1(gain)", "%1(3)", "%1(life)"], ["%3(S,@,deals)", "%3(@,deals,3)", "%3(deals,3,damage)", "%3(3,damage,to)", "%3(damage,to,any)", "%3(to,any,target)", "%3(any,target,and)", "%3(target,and,you)", "%3(and,you,gain)", "%3(you,gain,3)", "%3(gain,3,life)", "%3(3,life,E)"]], "ngramVals": [1, 3], "manaCostTkns": ["R", "W"]}, {"colorIdentity": ["U"], "colors": ["U"], "convertedManaCost": 3.0, "manaCost": "{2}{U}", "name": "Man-o'-War", "power": 2.0, "scryfallId": "0a767474-ba5a-4141-a926-a384bb1d3626", "subtypes": ["Jellyfish"], "supertypes": [], "text": "When Man-o'-War enters the battlefield, return target creature to its owner's hand.", "toughness": 2.0, "type": "Creature \u2014 Jellyfish", "types": ["Creature"], "imgUrl": "https://img.scryfall.com/cards/normal/front/0/a/0a767474-ba5a-4141-a926-a384bb1d3626.jpg", "ngrams": [["%1(when)", "%1(@)", "%1(enters)", "%1(battlefield)", "%1(return)", "%1(target)", "%1(creature)", "%1(to)", "%1(its)", "%1(owners)", "%1(hand)"], ["%3(S,when,@)", "%3(when,@,enters)", "%3(@,enters,battlefield)", "%3(enters,battlefield,return)", "%3(battlefield,return,target)", "%3(return,target,creature)", "%3(target,creature,to)", "%3(creature,to,its)", "%3(to,its,owners)", "%3(its,owners,hand)", "%3(owners,hand,E)"]], "ngramVals": [1, 3], "manaCostTkns": ["2", "U"]}, {"colorIdentity": ["R"], "colors": ["R"], "convertedManaCost": 2.0, "manaCost": "{1}{R}", "name": "Oath of Chandra", "power": -1.0, "scryfallId": "f570b0cb-2f38-422d-89d6-22c85e085328", "subtypes": [], "supertypes": ["Legendary"], "text": "When Oath of Chandra enters the battlefield, it deals 3 damage to target creature an opponent controls.\nAt the beginning of each end step, if a planeswalker entered the battlefield under your control this turn, Oath of Chandra deals 2 damage to each opponent.", "toughness": -1.0, "type": "Legendary Enchantment", "types": ["Enchantment"], "imgUrl": "https://img.scryfall.com/cards/normal/front/f/5/f570b0cb-2f38-422d-89d6-22c85e085328.jpg", "ngrams": [["%1(when)", "%1(@)", "%1(enters)", "%1(battlefield)", "%1(it)", "%1(deals)", "%1(3)", "%1(damage)", "%1(to)", "%1(target)", "%1(creature)", "%1(an)", "%1(opponent)", "%1(controls)", "%1(at)", "%1(beginning)", "%1(each)", "%1(end)", "%1(step)", "%1(if)", "%1(a)", "%1(planeswalker)", "%1(entered)", "%1(battlefield)", "%1(under)", "%1(your)", "%1(control)", "%1(this)", "%1(turn)", "%1(@)", "%1(deals)", "%1(2)", "%1(damage)", "%1(to)", "%1(each)", "%1(opponent)"], ["%3(S,when,@)", "%3(when,@,enters)", "%3(@,enters,battlefield)", "%3(enters,battlefield,it)", "%3(battlefield,it,deals)", "%3(it,deals,3)", "%3(deals,3,damage)", "%3(3,damage,to)", "%3(damage,to,target)", "%3(to,target,creature)", "%3(target,creature,an)", "%3(creature,an,opponent)", "%3(an,opponent,controls)", "%3(opponent,controls,at)", "%3(controls,at,beginning)", "%3(at,beginning,each)", "%3(beginning,each,end)", "%3(each,end,step)", "%3(end,step,if)", "%3(step,if,a)", "%3(if,a,planeswalker)", "%3(a,planeswalker,entered)", "%3(planeswalker,entered,battlefield)", "%3(entered,battlefield,under)", "%3(battlefield,under,your)", "%3(under,your,control)", "%3(your,control,this)", "%3(control,this,turn)", "%3(this,turn,@)", "%3(turn,@,deals)", "%3(@,deals,2)", "%3(deals,2,damage)", "%3(2,damage,to)", "%3(damage,to,each)", "%3(to,each,opponent)", "%3(each,opponent,E)"]], "ngramVals": [1, 3], "manaCostTkns": ["1", "R"]}, {"colorIdentity": ["U"], "colors": ["U"], "convertedManaCost": 3.0, "manaCost": "{2}{U}", "name": "Oath of Jace", "power": -1.0, "scryfallId": "e8e7b007-a14b-40b2-9de7-38545c50a073", "subtypes": [], "supertypes": ["Legendary"], "text": "When Oath of Jace enters the battlefield, draw three cards, then discard two cards.\nAt the beginning of your upkeep, scry X, where X is the number of planeswalkers you control.", "toughness": -1.0, "type": "Legendary Enchantment", "types": ["Enchantment"], "imgUrl": "https://img.scryfall.com/cards/normal/front/e/8/e8e7b007-a14b-40b2-9de7-38545c50a073.jpg", "ngrams": [["%1(when)", "%1(@)", "%1(enters)", "%1(battlefield)", "%1(draw)", "%1(three)", "%1(cards)", "%1(then)", "%1(discard)", "%1(two)", "%1(cards)", "%1(at)", "%1(beginning)", "%1(your)", "%1(upkeep)", "%1(scry)", "%1(x)", "%1(where)", "%1(x)", "%1(is)", "%1(number)", "%1(planeswalkers)", "%1(you)", "%1(control)"], ["%3(S,when,@)", "%3(when,@,enters)", "%3(@,enters,battlefield)", "%3(enters,battlefield,draw)", "%3(battlefield,draw,three)", "%3(draw,three,cards)", "%3(three,cards,then)", "%3(cards,then,discard)", "%3(then,discard,two)", "%3(discard,two,cards)", "%3(two,cards,at)", "%3(cards,at,beginning)", "%3(at,beginning,your)", "%3(beginning,your,upkeep)", "%3(your,upkeep,scry)", "%3(upkeep,scry,x)", "%3(scry,x,where)", "%3(x,where,x)", "%3(where,x,is)", "%3(x,is,number)", "%3(is,number,planeswalkers)", "%3(number,planeswalkers,you)", "%3(planeswalkers,you,control)", "%3(you,control,E)"]], "ngramVals": [1, 3], "manaCostTkns": ["2", "U"]}, {"colorIdentity": ["B", "W"], "colors": ["B", "W"], "convertedManaCost": 3.0, "manaCost": "{1}{W}{B}", "name": "Oath of Kaya", "power": -1.0, "scryfallId": "faba010d-5b1b-4562-91d6-ec55303c4dcd", "subtypes": [], "supertypes": ["Legendary"], "text": "When Oath of Kaya enters the battlefield, it deals 3 damage to any target and you gain 3 life.\nWhenever an opponent attacks a planeswalker you control with one or more creatures, Oath of Kaya deals 2 damage to that player and you gain 2 life.", "toughness": -1.0, "type": "Legendary Enchantment", "types": ["Enchantment"], "imgUrl": "https://img.scryfall.com/cards/normal/front/f/a/faba010d-5b1b-4562-91d6-ec55303c4dcd.jpg", "ngrams": [["%1(when)", "%1(@)", "%1(enters)", "%1(battlefield)", "%1(it)", "%1(deals)", "%1(3)", "%1(damage)", "%1(to)", "%1(any)", "%1(target)", "%1(and)", "%1(you)", "%1(gain)", "%1(3)", "%1(life)", "%1(whenever)", "%1(an)", "%1(opponent)", "%1(attacks)", "%1(a)", "%1(planeswalker)", "%1(you)", "%1(control)", "%1(one)", "%1(or)", "%1(more)", "%1(creatures)", "%1(@)", "%1(deals)", "%1(2)", "%1(damage)", "%1(to)", "%1(that)", "%1(player)", "%1(and)", "%1(you)", "%1(gain)", "%1(2)", "%1(life)"], ["%3(S,when,@)", "%3(when,@,enters)", "%3(@,enters,battlefield)", "%3(enters,battlefield,it)", "%3(battlefield,it,deals)", "%3(it,deals,3)", "%3(deals,3,damage)", "%3(3,damage,to)", "%3(damage,to,any)", "%3(to,any,target)", "%3(any,target,and)", "%3(target,and,you)", "%3(and,you,gain)", "%3(you,gain,3)", "%3(gain,3,life)", "%3(3,life,whenever)", "%3(life,whenever,an)", "%3(whenever,an,opponent)", "%3(an,opponent,attacks)", "%3(opponent,attacks,a)", "%3(attacks,a,planeswalker)", "%3(a,planeswalker,you)", "%3(planeswalker,you,control)", "%3(you,control,one)", "%3(control,one,or)", "%3(one,or,more)", "%3(or,more,creatures)", "%3(more,creatures,@)", "%3(creatures,@,deals)", "%3(@,deals,2)", "%3(deals,2,damage)", "%3(2,damage,to)", "%3(damage,to,that)", "%3(to,that,player)", "%3(that,player,and)", "%3(player,and,you)", "%3(and,you,gain)", "%3(you,gain,2)", "%3(gain,2,life)", "%3(2,life,E)"]], "ngramVals": [1, 3], "manaCostTkns": ["1", "W", "B"]}, {"colorIdentity": ["G"], "colors": ["G"], "convertedManaCost": 1.0, "manaCost": "{G}", "name": "Oath of Nissa", "power": -1.0, "scryfallId": "613513ea-55dd-4ae8-93b2-247e468112a6", "subtypes": [], "supertypes": ["Legendary"], "text": "When Oath of Nissa enters the battlefield, look at the top three cards of your library. You may reveal a creature, land, or planeswalker card from among them and put it into your hand. Put the rest on the bottom of your library in any order.\nYou may spend mana as though it were mana of any color to cast planeswalker spells.", "toughness": -1.0, "type": "Legendary Enchantment", "types": ["Enchantment"], "imgUrl": "https://img.scryfall.com/cards/normal/front/6/1/613513ea-55dd-4ae8-93b2-247e468112a6.jpg", "ngrams": [["%1(when)", "%1(@)", "%1(enters)", "%1(battlefield)", "%1(look)", "%1(at)", "%1(top)", "%1(three)", "%1(cards)", "%1(your)", "%1(library)", "%1(you)", "%1(may)", "%1(reveal)", "%1(a)", "%1(creature)", "%1(land)", "%1(or)", "%1(planeswalker)", "%1(card)", "%1(from)", "%1(among)", "%1(them)", "%1(and)", "%1(put)", "%1(it)", "%1(into)", "%1(your)", "%1(hand)", "%1(put)", "%1(rest)", "%1(on)", "%1(bottom)", "%1(your)", "%1(library)", "%1(in)", "%1(any)", "%1(order)", "%1(you)", "%1(may)", "%1(spend)", "%1(mana)", "%1(as)", "%1(though)", "%1(it)", "%1(were)", "%1(mana)", "%1(any)", "%1(color)", "%1(to)", "%1(cast)", "%1(planeswalker)", "%1(spells)"], ["%3(S,when,@)", "%3(when,@,enters)", "%3(@,enters,battlefield)", "%3(enters,battlefield,look)", "%3(battlefield,look,at)", "%3(look,at,top)", "%3(at,top,three)", "%3(top,three,cards)", "%3(three,cards,your)", "%3(cards,your,library)", "%3(your,library,you)", "%3(library,you,may)", "%3(you,may,reveal)", "%3(may,reveal,a)", "%3(reveal,a,creature)", "%3(a,creature,land)", "%3(creature,land,or)", "%3(land,or,planeswalker)", "%3(or,planeswalker,card)", "%3(planeswalker,card,from)", "%3(card,from,among)", "%3(from,among,them)", "%3(among,them,and)", "%3(them,and,put)", "%3(and,put,it)", "%3(put,it,into)", "%3(it,into,your)", "%3(into,your,hand)", "%3(your,hand,put)", "%3(hand,put,rest)", "%3(put,rest,on)", "%3(rest,on,bottom)", "%3(on,bottom,your)", "%3(bottom,your,library)", "%3(your,library,in)", "%3(library,in,any)", "%3(in,any,order)", "%3(any,order,you)", "%3(order,you,may)", "%3(you,may,spend)", "%3(may,spend,mana)", "%3(spend,mana,as)", "%3(mana,as,though)", "%3(as,though,it)", "%3(though,it,were)", "%3(it,were,mana)", "%3(were,mana,any)", "%3(mana,any,color)", "%3(any,color,to)", "%3(color,to,cast)", "%3(to,cast,planeswalker)", "%3(cast,planeswalker,spells)", "%3(planeswalker,spells,E)"]], "ngramVals": [1, 3], "manaCostTkns": ["G"]}, {"colorIdentity": ["U", "W"], "colors": ["U", "W"], "convertedManaCost": 4.0, "manaCost": "{2}{W}{U}", "name": "Skymark Roc", "power": 3.0, "scryfallId": "60601296-2229-4c48-94cc-1903926750ce", "subtypes": ["Bird"], "supertypes": [], "text": "Flying\nWhenever Skymark Roc attacks, you may return target creature defending player controls with toughness 2 or less to its owner's hand.", "toughness": 3.0, "type": "Creature \u2014 Bird", "types": ["Creature"], "imgUrl": "https://img.scryfall.com/cards/normal/front/6/0/60601296-2229-4c48-94cc-1903926750ce.jpg", "ngrams": [["%1(flying)", "%1(whenever)", "%1(@)", "%1(attacks)", "%1(you)", "%1(may)", "%1(return)", "%1(target)", "%1(creature)", "%1(defending)", "%1(player)", "%1(controls)", "%1(toughness)", "%1(2)", "%1(or)", "%1(less)", "%1(to)", "%1(its)", "%1(owners)", "%1(hand)"], ["%3(S,flying,whenever)", "%3(flying,whenever,@)", "%3(whenever,@,attacks)", "%3(@,attacks,you)", "%3(attacks,you,may)", "%3(you,may,return)", "%3(may,return,target)", "%3(return,target,creature)", "%3(target,creature,defending)", "%3(creature,defending,player)", "%3(defending,player,controls)", "%3(player,controls,toughness)", "%3(controls,toughness,2)", "%3(toughness,2,or)", "%3(2,or,less)", "%3(or,less,to)", "%3(less,to,its)", "%3(to,its,owners)", "%3(its,owners,hand)", "%3(owners,hand,E)"]], "ngramVals": [1, 3], "manaCostTkns": ["2", "W", "U"]}, {"colorIdentity": ["B", "R", "W"], "colors": ["B"], "convertedManaCost": 4.0, "manaCost": "{3}{B}", "name": "Smiting Helix", "power": -1.0, "scryfallId": "07c17401-6b4d-4280-8962-46e380ab2bf4", "subtypes": [], "supertypes": [], "text": "Smiting Helix deals 3 damage to any target and you gain 3 life.\nFlashback {R}{W} (You may cast this card from your graveyard for its flashback cost. Then exile it.)", "toughness": -1.0, "type": "Sorcery", "types": ["Sorcery"], "imgUrl": "https://img.scryfall.com/cards/normal/front/0/7/07c17401-6b4d-4280-8962-46e380ab2bf4.jpg", "ngrams": [["%1(@)", "%1(deals)", "%1(3)", "%1(damage)", "%1(to)", "%1(any)", "%1(target)", "%1(and)", "%1(you)", "%1(gain)", "%1(3)", "%1(life)", "%1(flashback)", "%1({r}{w})"], ["%3(S,@,deals)", "%3(@,deals,3)", "%3(deals,3,damage)", "%3(3,damage,to)", "%3(damage,to,any)", "%3(to,any,target)", "%3(any,target,and)", "%3(target,and,you)", "%3(and,you,gain)", "%3(you,gain,3)", "%3(gain,3,life)", "%3(3,life,flashback)", "%3(life,flashback,{r}{w})", "%3(flashback,{r}{w},E)"]], "ngramVals": [1, 3], "manaCostTkns": ["3", "B"]}, {"colorIdentity": ["R", "W"], "colors": ["R", "W"], "convertedManaCost": 4.0, "manaCost": "{2}{R}{W}", "name": "Tajic, Blade of the Legion", "power": 2.0, "scryfallId": "be5717c1-338e-446c-aa7e-93e79e4abb72", "subtypes": ["Human", "Soldier"], "supertypes": ["Legendary"], "text": "Indestructible\nBattalion \u2014 Whenever Tajic, Blade of the Legion and at least two other creatures attack, Tajic gets +5/+5 until end of turn.", "toughness": 2.0, "type": "Legendary Creature \u2014 Human Soldier", "types": ["Creature"], "imgUrl": "https://img.scryfall.com/cards/normal/front/b/e/be5717c1-338e-446c-aa7e-93e79e4abb72.jpg", "ngrams": [["%1(indestructible)", "%1(battalion)", "%1(whenever)", "%1(@)", "%1(and)", "%1(at)", "%1(least)", "%1(two)", "%1(other)", "%1(creatures)", "%1(attack)", "%1(tajic)", "%1(gets)", "%1(+5/+5)", "%1(until)", "%1(end)", "%1(turn)"], ["%3(S,indestructible,battalion)", "%3(indestructible,battalion,whenever)", "%3(battalion,whenever,@)", "%3(whenever,@,and)", "%3(@,and,at)", "%3(and,at,least)", "%3(at,least,two)", "%3(least,two,other)", "%3(two,other,creatures)", "%3(other,creatures,attack)", "%3(creatures,attack,tajic)", "%3(attack,tajic,gets)", "%3(tajic,gets,+5/+5)", "%3(gets,+5/+5,until)", "%3(+5/+5,until,end)", "%3(until,end,turn)", "%3(end,turn,E)"]], "ngramVals": [1, 3], "manaCostTkns": ["2", "R", "W"]}]}